0.0 0.0
-5.02529831 7.07880948
-10.8881119 13.78465995
-15.95268628 20.88196688
-21.94843882 26.96791693
-26.99957244 33.99952123
-33.0381776 40.03798229
-37.92985962 47.83962555
-43.88318053 53.94642621
-49.01683583 60.89797727
-46.94584067 71.5615689
-47.00000093 83.08087984
-48.00880175 94.15989872
-51.25975405 104.29358222
-57.03275255 111.05368177
-64.53179727 116.54213836
-74.60009128 119.98700076
-85.67736455 121.00001587
-97.18613766 120.97513587
-103.89182846 126.94780573
-108.97068308 133.9546304
-115.0039603 140.00403301
-120.02844104 147.08604034
-125.81251365 153.94166973
-130.95348439 160.88915002
-136.95420456 166.9701892
-142.00350411 174.00374824
-148.04103531 180.04254625
-152.93021251 187.8466357
-158.89026997 193.94754091
-163.97016583 200.95336268
-170.00352873 207.00233045
-175.02773134 214.08444202
-180.89202536 220.78947509
-184.61485412 229.58531213
-186.33290736 240.37057298
-190.55276584 249.53114349
-196.01825925 256.4135485
-203.72597048 261.84749035
-213.34671171 265.01723
-224.01729622 267.01710604
-225.00000005 278.10496523
-225.0 289.60184312
-224.99998917 301.09871969
-219.81863524 308.00017189
-208.32173684 308.0
-196.82485897 308.0
-185.32798111 308.0
-173.83110324 308.0
-162.33422537 308.0
-150.8373475 308.0
-139.34046964 308.0
-127.84359177 308.0
-116.3467139 308.0
-104.84983603 308.0
-93.35295817 308.0
-81.8560803 308.00003139
-70.35917104 302.86225084
-64.00007373 291.3654467
-64.0 279.86856883
-64.0 268.37310002
-64.0117956 265.98312356
-73.70398309 263.77873185
-84.28779001 258.99173224
-93.24413901 253.24016413
-98.95628682 245.02659154
-103.99312673 234.76891837
-106.98483463 223.27832221
-107.00000001 211.78144434
-107.0 200.28456647
-107.0 188.7876886
-107.0 177.29081069
-107.00000009 166.15306879
-106.16745164 165.00000009
-95.12548208 164.99993224
-83.62863233 163.99966793
-72.5460775 163.99530891
-61.0510052 162.01378244
-50.37490247 160.01966623
-39.70401458 157.29782121
-29.33456184 153.45539634
-19.42923372 149.01632691
-10.35994937 144.04739262
-2.05430315 138.01439633
3.98760218 131.96629588
10.02276064 124.26292887
14.97275019 115.33711769
19.76213734 105.43167041
23.60424173 94.92413556
25.99272706 83.84664828
27.00522549 72.76182014
28.00000155 61.27172364
27.9836268 50.4288708
26.40467071 39.64281251
24.68860044 29.47819441
21.47224082 19.84486352
16.97297995 11.59786661
11.98119627 5.00078812
6.49609332 0.0
0.0 -15.0
-223.0 -15.0
-214.72487283 -15.0
-206.44974566 -15.0
-198.17461848 -15.0
-189.89949131 -15.0
-181.62436414 -15.0
-173.34923697 -15.0
-165.07410979 -15.0
-156.79898262 -15.0
-148.52385545 -15.0
-140.24872828 -15.0
-131.97360111 -15.0
-123.69847393 -15.0
-115.42334676 -15.0
-107.14821959 -15.0
-98.87309242 -15.0
-90.59796524 -15.0
-82.32283807 -15.0
-74.0477109 -15.000011
-65.77257917 -13.97067989
-57.92381491 -13.98710697
-49.64188341 -12.88256379
-41.82427301 -10.99414378
-34.33135365 -8.97483513
-26.88057509 -2.99468845
-28.56879439 3.00394482
-32.00656688 7.86429709
-35.9854529 13.3629477
-39.99367645 18.10753906
-44.0608572 23.69977387
-47.79707941 29.02275399
-51.47343093 34.9704656
-54.96794293 39.77592046
-58.98861069 45.26998967
-63.00593862 50.06410773
-67.04105024 48.94350104
-73.52578692 48.99999942
-81.82436607 49.0
-90.09949349 48.99998574
-98.37462753 50.17225598
-106.1902546 58.09644905
-106.99999756 66.37157505
-107.0 74.64670222
-107.0 82.9218294
-107.0 91.19695657
-107.0 99.472083
-107.00000074 107.71914683
-107.0281128 112.97941096
-110.63106359 119.01648403
-114.03535725 123.91239343
-117.98729485 129.41142038
-121.98761303 134.13789405
-126.06848136 139.94877337
-129.71510248 145.39742145
-133.33696734 150.99043753
-136.98828907 155.82418219
-140.98710854 161.19854516
-145.06727257 166.77253926
-148.87444686 171.99920789
-152.60348491 178.0126134
-156.02476225 182.93447708
-159.96516286 188.39353214
-163.9903545 193.81678034
-167.91473922 198.95077721
-171.69759626 204.38844634
-175.32326971 209.98323849
-178.98105155 215.35630063
-182.79757626 207.90152342
-183.9999963 199.62639817
-184.0 191.351271
-184.0 183.07614383
-184.0 174.80101665
-184.0 166.52588948
-184.0 158.25076231
-184.0 149.97563514
-184.0 141.70050796
-184.0 133.42538079
-184.0 125.15025362
-184.0 116.87512645
-184.0 108.59999927
-184.0 100.3248721
-184.0 92.04974493
-184.0 83.77461776
-184.0 75.49949059
-184.0 67.22436343
-184.00000003 58.94906628
-183.99958968 51.07533606
-184.96855904 44.71101333
-188.19358042 39.95184451
-192.1710456 35.96330806
-197.03877214 32.96112699
-204.09659325 29.95905246
-211.12821658 28.99997822
-219.00608155 25.54072486
-224.98653375 17.27208147
-224.9999998 8.99695439
-225.0 0.72182722
-225.0 -7.5532744
-224.9999383 -15.0
